-5.83333333333333 -4.67761850060511 21.2754805728898 1
50.8333333333333 -7.45348094665091 21.2754805728898 1
57.4534809466509 50.8333333333333 21.9980864437623 1
-0.833333333333333 57.4534809466509 21.9980864437623 1
25 25 19.2506913849026 1
-3.33333333333333 26.3879312230229 23.3744858455229 1
54.1434071399921 21.6899261933412 21.9980864437623 1
28.3100738066588 54.1434071399921 21.9980864437623 1
22.5 -6.06554972362801 21.2754805728898 1
37.9166666666667 8.77325952667454 21.9980864437624 1
41.2267404733254 37.9166666666667 19.2506913849026 1
-2.08333333333333 41.9207060848369 23.3744858455229 1
-4.58333333333333 10.8551563612089 23.3744858455229 1
10.4301636722286 17.4636295483983 22.0381380964015 1
16.0304119710473 40.778435937457 19.2506913849026 1
42.8817773766549 52.4883702366627 21.9980864437623 1
55.7984440433215 36.2616297633373 21.9980864437623 1
39.5717035699961 23.3449630966706 21.9980864437623 1
13.7383702366627 55.7984440433215 21.9980864437623 1
52.4883702366627 7.11822262334515 21.9980864437623 1
23.3154460620636 10.4048005407566 22.0381380964014 1
8.33333333333333 -5.37158411211656 21.2754805728898 1
36.6666666666667 -6.75951533513946 21.2754805728898 1
28.4044239542521 37.3740119832049 19.2506913849026 1
-5.83333333333333 -4.67761850060511 7.95045234760541 2
0.833333333333334 -7.49766629715866 7.77177722189596 2
50.8333333333333 -7.45348094665091 8.32696752239648 2
57.0663482971129 -2.5 7.9387231656787 2
57.4534809466509 50.8333333333333 9.31756502786225 2
52.5 57.0663482971129 7.82106730921099 2
-0.833333333333333 57.4534809466509 8.51860794209535 2
-7.0663482971129 52.5 8.18659970245596 2
25 25 9.12305418103812 2
-6.44984081522312 23.9111907496974 8.40573964789705 2
25.8333333333333 -7.47557362190479 9.37500366064653 2
57.2599146218819 24.1666666666667 7.9631988166964 2
25.8333333333333 57.2599146218819 8.29252153809563 2
8.95592347210206 38.7372872911552 8.12853966060386 2
41.2937668352746 10.9485248803357 7.91810171828969 2
39.0514751196642 41.2937668352745 7.77678292809048 2
-6.14158707427822 9.61678612454617 7.59602992002301 2
1.18519700886774 2.62425960829098 7.59602992002301 2
7.97337128488348 17.0716961743267 8.75308083424419 2
25.1977193632481 8.75659493305292 7.76505040324721 2
40.1726209774694 26.1211458578051 7.9181017182897 2
23.9991685846125 40.0688637915922 7.91549389186587 2
-6.75809455616801 38.2055953748487 10.1363403147951 2
39.1666666666667 57.1631314594974 7.77012250158328 2
57.1631314594974 10.8333333333333 10.000263442857 2
57.3566977842664 37.5 8.6508344477857 2
12.5 57.3566977842664 8.50098441421847 2
13.3333333333333 -7.48661995953172 9.37500366064653 2
38.3333333333333 -7.46452728427785 8.19310408565286 2
13.3857294659726 4.92971488220731 9.68806567468759 2
13.3924214387849 27.6810131691998 8.59506612229312 2
32.2770925308634 16.9656729658352 8.20199383757997 2
2.70829489711135 29.8120882399052 8.0222265066873 2
32.1377733739795 33.1551620459075 8.0625575586821 2
2.26538615220815 47.1560577840184 8.18659970245596 2
34.2279293831508 2.64004972978099 8.19310408565284 2
15.7978359979677 47.0819768956903 8.12853966060387 2
45.7757375598322 49.1800575661937 7.77678292809045 2
30.9278825221688 48.0229902134839 7.91549389186587 2
47.8641476746103 2.68094849710584 7.93872316567872 2
48.0219131346291 19.0734184776579 7.91810171828969 2
47.140238722362 34.26373464567 7.8628374452693 2
18.4602406436284 16.7974903005641 7.9412246887829 2
21.354067637017 0.477557610584239 8.33895598852716 2
50.287553752226 42.0722134566765 7.86283744526926 2
20.566492029356 32.2732070051328 8.59506612229314 2
-6.29571394475067 16.7639884371218 8.14929818417736 2
0.761765234830183 20.4914434620121 8.14929818417736 2
2.1628022481312 10.9833696397715 8.14929818417736 2
49.2308674860484 11.2240915568387 8.02815491443835 2
7.08333333333333 -7.49214312834519 7.77177722189596 2
1.06960006810806 39.3378205962631 8.02222650668729 2
49.7868851537424 26.7966058620901 7.96319881669637 2
40.4295274661859 18.5123966373526 7.91810171828969 2
32.6557097825141 24.6213827483493 8.08406992944936 2
23.3585541712684 47.6217027596721 7.91549389186588 2
16.5397905637078 38.699879140803 8.12853966060385 2
39.6327511310299 33.7940969990953 7.88128228625055 2
31.6250671318118 40.5965822256315 7.88128228625056 2
38.3435721227612 48.7072354679431 7.77012250158329 2
19.1666666666667 57.3083062030742 7.922378511334 2
34.0891937358228 9.9167992597364 7.76505040324722 2
5.83333333333333 57.4050893654587 8.51860794209535 2
9.05033645948271 50.5396070612216 9.04877773749258 2
-6.60396768569556 31.0583930622731 8.87166835227901 2
-5.98746020380578 2.46958381197053 7.59602992002301 2
-6.91222142664045 45.3527976874244 8.18659970245596 2
8.02991512005365 -0.16267250854582 7.77177722189596 2
44.5833333333333 -7.45900411546438 8.32696752239648 2
41.055434584817 -0.472276718425839 8.19310408565286 2
25.3549467869565 18.0087159202931 8.20199383757996 2
7.14063812399814 24.1856770869743 10.4146232000752 2
57.4050893654587 44.1666666666667 10.000263442857 2
57.2115230406897 17.5 8.02815491443835 2
45.8333333333333 57.1147398783052 8.62801743087317 2
57.1147398783051 4.16666666666667 8.35449667255722 2
57.3083062030742 30.8333333333333 8.14216456549548 2
32.5 57.2115230406897 7.77012250158328 2
9.01640020047693 10.2593467467625 8.56623541117841 2
32.0833333333333 -7.47005045309132 9.37500366064653 2
28.9530759172859 -1.52353700968144 8.33895598852716 2
18.3214274276319 9.83805886470961 7.94122468878289 2
19.5833333333333 -7.48109679071826 9.37500366064653 2
15.1407823949587 -1.28596930303781 9.68806567468758 2
13.3238232328007 21.0274162647509 9.47158325428477 2
18.7246557368266 24.298886062572 9.47158325428475 2
8.7461439855978 32.2348669182137 8.0222265066873 2
7.75202535566811 44.648455422539 8.13153927029947 2
51.8882092377111 48.0741500917677 7.82106730921098 2
26.4906731277085 30.8965292333483 8.06255755868209 2
13.1499639652372 14.3782537186449 8.75308083424419 2
14.9128270025629 33.2056644792732 8.59506612229312 2
39.5508426928123 5.27200908448111 8.90709752560679 2
-1.47115958686378 33.996921163143 8.54997960005094 2
44.8038515650407 39.7439714588983 8.93623668416454 2
26.1551299142932 3.28035298111888 7.76505040324721 2
6.24955188315678 5.26354284104549 8.56623541117841 2
35.9950831192514 -2.52825460519343 8.19310408565284 2
-1.15839117445015 25.7560298696145 8.40573964789705 2
2.46662634406083 52.8315631119965 8.51860794209535 2
28.1900783470965 13.3331402222037 8.20199383757996 2
19.5706743622287 43.1920491021519 8.12853966060385 2
12.7669521994468 42.5898069343414 8.12853966060386 2
15.8000650702695 52.7492994001331 7.92237851133401 2
-2.86589059345286 49.0153183714549 8.18659970245596 2
51.9616261352614 31.7700228655883 7.86283744526929 2
43.6247957660321 30.2195095548736 8.0378302712568 2
37.1369617979519 14.3048824541416 8.01401083312844 2
35.6727865354028 29.0871037589603 8.08406992944936 2
27.6683239030513 36.1409716400008 8.06255755868209 2
47.7042787249041 -2.86806072122877 7.93872316567872 2
52.0117133744847 6.39832133725502 8.35449667255721 2
52.2885733884774 -0.223328347812968 7.9387231656787 2
45.3882902293523 7.45792710163203 8.07069625398057 2
21.0688032144098 52.3811342162349 7.922378511334 2
52.3500643735928 22.1475778614182 7.96319881669635 2
43.9562130952267 22.4401856047261 7.91810171828969 2
44.4952275055883 15.1456295102845 7.91810171828969 2
27.3376101488783 44.155609923317 7.91549389186587 2
26.9301452123875 51.8414617147956 8.29252153809563 2
34.9907893048784 44.6465496531573 7.89893817535991 2
35.6841928148135 37.2604179259765 7.88128228625055 2
22.3793743913089 13.2382189294191 7.94122468878289 2
4.14631193052355 34.9632848172164 8.02222650668729 2
51.6111736890417 37.0001864333445 7.86283744526926 2
42.2886954544717 45.3434177307598 7.77678292809045 2
41.8247286876722 52.6363885561813 7.87417067350766 2
49.5776002349286 52.7482649782365 7.82106730921098 2
29.9782977566701 6.7705697827423 7.76505040324721 2
35.8045529015554 53.2223907785187 7.77012250158328 2
3.95468125652884 -3.36222639004154 7.77177722189596 2
-1.04528608111733 15.3679102469528 8.14929818417736 2
52.1729731424023 15.6950001654941 8.02815491443835 2
-1.19584611455343 -2.11112108655237 7.95045234760541 2
-2.47819503270524 6.12052286641857 7.59602992002301 2
