-1500 -1500 2250 1
0 -1500 2250 1
1500 -1500 2250 1
-1500 0 2250 1
0 0 2250 1
1500 0 2250 1
-1500 1500 2250 1
0 1500 2250 1
1500 1500 2250 1
-1500 -1500 562.5 2
-1125 -1500 562.5 2
-750 -1500 562.5 2
-375 -1500 562.5 2
0 -1500 562.5 2
375 -1500 562.5 2
750 -1500 562.5 2
1125 -1500 562.5 2
1500 -1500 562.5 2
-1500 -1125 562.5 2
-1125 -1125 562.5 2
-750 -1125 562.5 2
-375 -1125 562.5 2
0 -1125 562.5 2
375 -1125 562.5 2
750 -1125 562.5 2
1125 -1125 562.5 2
1500 -1125 562.5 2
-1500 -750 562.5 2
-1125 -750 562.5 2
-750 -750 562.5 2
-375 -750 562.5 2
0 -750 562.5 2
375 -750 562.5 2
750 -750 562.5 2
1125 -750 562.5 2
1500 -750 562.5 2
-1500 -375 562.5 2
-1125 -375 562.5 2
-750 -375 562.5 2
-375 -375 562.5 2
0 -375 562.5 2
375 -375 562.5 2
750 -375 562.5 2
1125 -375 562.5 2
1500 -375 562.5 2
-1500 0 562.5 2
-1125 0 562.5 2
-750 0 562.5 2
-375 0 562.5 2
0 0 562.5 2
375 0 562.5 2
750 0 562.5 2
1125 0 562.5 2
1500 0 562.5 2
-1500 375 562.5 2
-1125 375 562.5 2
-750 375 562.5 2
-375 375 562.5 2
0 375 562.5 2
375 375 562.5 2
750 375 562.5 2
1125 375 562.5 2
1500 375 562.5 2
-1500 750 562.5 2
-1125 750 562.5 2
-750 750 562.5 2
-375 750 562.5 2
0 750 562.5 2
375 750 562.5 2
750 750 562.5 2
1125 750 562.5 2
1500 750 562.5 2
-1500 1125 562.5 2
-1125 1125 562.5 2
-750 1125 562.5 2
-375 1125 562.5 2
0 1125 562.5 2
375 1125 562.5 2
750 1125 562.5 2
1125 1125 562.5 2
1500 1125 562.5 2
-1500 1500 562.5 2
-1125 1500 562.5 2
-750 1500 562.5 2
-375 1500 562.5 2
0 1500 562.5 2
375 1500 562.5 2
750 1500 562.5 2
1125 1500 562.5 2
1500 1500 562.5 2
